0 Sticker for Chevrolet logo - 38 LDU wide
0 Name: sticker_chevrolet_logow2.dat
0 Author: svg2ldraw
0 !LICENSE Redistributable under CCAL version 2.0 : see CAreadme.txt
0 BFC CERTIFY CCW
4 60 -6.3333 -0.5  4.75 -6.3333 -0.5  2.9688 -5.2778 -0.5  2.8203 -5.2778 -0.5  4.4531
4 142 -5.0667 -0.5  -0.475 -5.0667 -0.5  -2.6719 -0.1508 -0.5  -2.6719 -0.1508 -0.5  -0.7422
4 142 -5.0667 -0.5  -0.475 -0.1508 -0.5  -0.7422 12.9683 -0.5  -0.7422 14.627 -0.5  2.375
3 142 -5.0667 -0.5  -0.475 14.627 -0.5  2.375 4.5238 -0.5  2.375
4 142 -10.073 -0.5  -0.5047 -5.0667 -0.5  -0.475 4.5238 -0.5  2.375 4.5238 -0.5  3.8594
3 142 -10.073 -0.5  -0.5047 4.5238 -0.5  3.8594 -2.4429 -0.5  2.2266
3 142 -0.1508 -0.5  3.8594 -0.1508 -0.5  3.1172 4.5238 -0.5  3.8594
3 142 -2.4429 -0.5  2.2266 4.5238 -0.5  3.8594 -0.1508 -0.5  3.1172
4 334 -5.2778 -0.5  -0.8906 -5.2778 -0.5  -2.9688 -5.0667 -0.5  -2.9688 -5.0667 -0.5  -0.7852
4 334 -0.1508 -0.5  -0.7422 -0.1508 -0.5  -2.6719 4.8254 -0.5  -2.6719 4.8254 -0.5  -1.0127
4 334 -5.0667 -0.5  -2.6719 -5.0667 -0.5  -2.9688 4.8254 -0.5  -2.9688 4.8254 -0.5  -2.6719
3 334 4.5238 -0.5  2.375 4.8254 -0.5  2.375 4.8254 -0.5  2.4646
3 334 -0.1508 -0.5  -0.7422 4.8254 -0.5  -1.0127 4.8254 -0.5  -0.7422
3 334 4.2311 -0.5  3.8594 4.5238 -0.5  3.8594 4.5238 -0.5  4.0056
4 334 4.5238 -0.5  4.0056 4.5238 -0.5  2.375 4.8254 -0.5  2.4646 4.8254 -0.5  4.1563
4 334 -4.6444 -0.5  4.1563 -4.6444 -0.5  3.8594 3.2471 -0.5  3.8594 4.8254 -0.5  4.1563
4 334 -4.6444 -0.5  3.8594 -4.6444 -0.5  2.375 -0.1508 -0.5  3.2202 -0.1508 -0.5  3.8594
4 334 -15.0794 -0.5  -0.8906 -11.1512 -0.5  -0.8906 -4.8396 -0.5  1.3686 -4.6444 -0.5  2.375
3 334 -15.0794 -0.5  -0.8906 -4.6444 -0.5  2.375 -13.4206 -0.5  2.375
4 334 -11.1512 -0.5  -0.8906 -5.2778 -0.5  -0.8906 -5.1973 -0.5  -0.4758 -10.073 -0.5  -0.5047
4 334 -5.2778 -0.5  -0.8906 -5.0667 -0.5  -0.7852 -5.0667 -0.5  -0.475 -5.1973 -0.5  -0.4758
3 334 3.2471 -0.5  3.8594 4.2311 -0.5  3.8594 4.8254 -0.5  4.1563
4 334 -4.8396 -0.5  1.3686 -2.4429 -0.5  2.2266 -0.1508 -0.5  3.1172 -0.1508 -0.5  3.2202
3 334 -4.8396 -0.5  1.3686 -0.1508 -0.5  3.2202 -4.6444 -0.5  2.375
4 494 -6.1825 -0.5  -4.1563 -0.3016 -0.5  -4.1563 -0.3016 -0.5  -2.9688 -5.2778 -0.5  -2.9688
4 71 -0.3016 -0.5  -2.9688 -0.3016 -0.5  -4.1563 5.8508 -0.5  -4.1563 4.8254 -0.5  -2.9688
4 494 -17.8841 -0.5  -2.0187 -6.9365 -0.5  -1.9 -6.046 -0.5  -0.8906 -15.0794 -0.5  -0.8906
4 71 12.9683 -0.5  -0.7422 13.2819 -0.5  -0.7422 13.119 -0.5  -0.6531 13.0156 -0.5  -0.6531
4 71 4.992 -0.5  -0.7422 6.0317 -0.5  -1.9594 15.5619 -0.5  -1.9891 13.2819 -0.5  -0.7422
4 60 14.7778 -0.5  1.9297 17.1905 -0.5  0.8906 18.6984 -0.5  2.6719 15.0794 -0.5  2.5234
4 60 15.6825 -0.5  -1.9297 15.6825 -0.5  -2.9688 18.6984 -0.5  2.6719 17.1905 -0.5  0.8906
4 60 4.8254 -0.5  -2.6719 4.8254 -0.5  -2.9688 15.6825 -0.5  -2.9688 15.6825 -0.5  -2.6719
4 60 4.8254 -0.5  -1.0127 4.8254 -0.5  -2.6719 6.6404 -0.5  -2.6719 5.2424 -0.5  -1.0353
4 60 15.3924 -0.5  -1.8964 15.5619 -0.5  -1.9891 15.6825 -0.5  -1.9894 15.6825 -0.5  -1.9297
4 60 6.0317 -0.5  -1.9594 6.6404 -0.5  -2.6719 15.6825 -0.5  -2.6719 15.6825 -0.5  -1.9894
4 60 4.8254 -0.5  -0.7422 4.8254 -0.5  -1.0127 5.2424 -0.5  -1.0353 4.992 -0.5  -0.7422
3 60 4.8254 -0.5  -2.9688 6.3333 -0.5  -4.7151 6.3333 -0.5  -2.9688
4 60 -6.6349 -0.5  -4.75 6.3333 -0.5  -4.75 5.7302 -0.5  -4.1563 -6.1825 -0.5  -4.1563
4 60 -6.6349 -0.5  -2.9688 -6.6349 -0.5  -4.75 -5.2778 -0.5  -2.9688 -5.2778 -0.5  -0.8906
3 60 -6.6349 -0.5  -2.9688 -5.2778 -0.5  -0.8906 -5.4003 -0.5  -0.9518
3 60 -5.4003 -0.5  -0.9518 -5.2778 -0.5  -0.8906 -5.3628 -0.5  -0.8906
4 60 -18.7587 -0.5  -2.9688 -6.6349 -0.5  -2.9688 -5.9743 -0.5  -1.8896 -17.8436 -0.5  -2.0183
3 60 -18.7587 -0.5  -2.9688 -17.8436 -0.5  -2.0183 -18.3968 -0.5  -2.0781
4 60 -6.9365 -0.5  -1.9 -5.9743 -0.5  -1.8896 -5.3628 -0.5  -0.8906 -6.046 -0.5  -0.8906
4 71 -4.9762 -0.5  4.3047 -4.9762 -0.5  4.1563 4.5238 -0.5  4.1563 4.5238 -0.5  4.3047
4 71 -4.9762 -0.5  4.1563 -4.9762 -0.5  3.8594 -4.6444 -0.5  3.8594 -4.6444 -0.5  4.1563
4 71 -4.9762 -0.5  3.8594 -4.9762 -0.5  2.6719 -4.6444 -0.5  2.6719 -4.6444 -0.5  3.8594
4 71 4.5238 -0.5  4.3047 4.5238 -0.5  4.1563 4.8254 -0.5  4.1563 4.8254 -0.5  4.3047
4 71 -18.3968 -0.5  -2.0781 -17.8632 -0.5  -2.0104 -15.0794 -0.5  -0.8906 -13.1547 -0.5  2.8987
3 71 -18.3968 -0.5  -2.0781 -13.1547 -0.5  2.8987 -15.6825 -0.5  2.9688
4 71 -13.4206 -0.5  2.375 -4.6444 -0.5  2.375 -4.6444 -0.5  2.6617 -4.9762 -0.5  2.6719
3 71 -13.4206 -0.5  2.375 -4.9762 -0.5  2.6719 -13.1547 -0.5  2.8987
3 71 -4.9762 -0.5  2.6719 -4.6444 -0.5  2.6617 -4.6444 -0.5  2.6719
4 71 4.8254 -0.5  2.4646 4.8254 -0.5  2.375 14.627 -0.5  2.375 14.7778 -0.5  2.5234
3 71 4.8254 -0.5  2.4646 14.7778 -0.5  2.5234 5.4895 -0.5  2.662
4 494 6.3333 -0.5  2.9688 6.9697 -0.5  2.6399 14.7065 -0.5  2.5245 14.9429 -0.5  2.9688
4 494 13.086 -0.5  -0.521 13.44 -0.5  -0.704 15.3056 -0.5  2.9688 15.2302 -0.5  2.9688
3 494 13.086 -0.5  -0.521 15.2302 -0.5  2.9688 14.627 -0.5  2.375
4 494 14.7065 -0.5  2.5245 14.7778 -0.5  2.5234 15.2302 -0.5  2.9688 14.9429 -0.5  2.9688
4 494 13.44 -0.5  -0.704 15.7105 -0.5  -1.8774 17.1905 -0.5  0.8906 14.7778 -0.5  1.9297
4 494 15.0794 -0.5  2.5234 18.6782 -0.5  2.671 18.8492 -0.5  2.9688 15.3056 -0.5  2.9688
3 494 -5.2778 -0.5  4.4531 -5.2778 -0.5  4.3047 -4.75 -0.5  4.3047
4 494 -5.2778 -0.5  4.3047 -5.2778 -0.5  4.1563 -4.9762 -0.5  4.1563 -4.9762 -0.5  4.3047
4 494 -5.2778 -0.5  4.1563 -5.2778 -0.5  2.9688 -4.9762 -0.5  2.9688 -4.9762 -0.5  4.1563
4 494 -6.3333 -0.5  4.75 -4.75 -0.5  4.3047 4.5238 -0.5  4.3047 4.5238 -0.5  4.75
4 494 4.5238 -0.5  4.75 4.5238 -0.5  4.3047 5.1225 -0.5  4.3047 6.014 -0.5  4.75
3 494 4.8254 -0.5  4.3047 4.8254 -0.5  4.1563 5.1225 -0.5  4.3047
4 494 4.8254 -0.5  4.1563 4.8254 -0.5  2.9688 6.3333 -0.5  2.9688 6.3333 -0.5  4.75
3 494 4.8254 -0.5  4.1563 6.3333 -0.5  4.75 6.014 -0.5  4.75
3 494 -15.6825 -0.5  2.9688 -13.1547 -0.5  2.8987 -13.119 -0.5  2.9688
4 494 -13.1547 -0.5  2.8987 -4.9762 -0.5  2.6719 -4.9762 -0.5  2.7779 -6.3333 -0.5  2.9688
3 494 -13.1547 -0.5  2.8987 -6.3333 -0.5  2.9688 -13.119 -0.5  2.9688
3 494 13.0156 -0.5  -0.6531 13.119 -0.5  -0.6531 13.039 -0.5  -0.6093
4 494 13.039 -0.5  -0.6093 13.2819 -0.5  -0.7422 13.514 -0.5  -0.7422 13.086 -0.5  -0.521
4 494 13.2819 -0.5  -0.7422 15.3924 -0.5  -1.8964 15.6825 -0.5  -1.9297 15.7105 -0.5  -1.8774
3 494 13.2819 -0.5  -0.7422 15.7105 -0.5  -1.8774 13.514 -0.5  -0.7422
4 494 -5.2778 -0.5  2.9688 -5.2778 -0.5  2.8203 -4.9762 -0.5  2.7779 -4.9762 -0.5  2.9688
4 494 4.8254 -0.5  2.9688 4.8254 -0.5  2.4646 6.4021 -0.5  2.9332 6.3333 -0.5  2.9688
3 494 5.4895 -0.5  2.662 6.9697 -0.5  2.6399 6.4021 -0.5  2.9332
4 16 -19 -0.5  4.75 -19 -0.5  -2.4676 -18.4682 -0.5  -2.2537 -15.6222 -0.5  4.75
3 16 -18.3968 -0.5  -2.0781 -17.8975 -0.5  -2.0241 -17.8632 -0.5  -2.0104
4 16 -15.6825 -0.5  2.9688 -13.119 -0.5  2.9688 -12.2143 -0.5  4.75 -14.7246 -0.5  4.75
3 16 -18.3968 -0.5  -2.0781 -14.7246 -0.5  4.75 -15.6222 -0.5  4.75
3 16 -19 -0.5  -2.4676 -19 -0.5  -3.5625 -18.4682 -0.5  -2.2537
4 16 -19 -0.5  -3.5625 -19 -0.5  -3.7001 -16.9567 -0.5  -2.9688 -18.7587 -0.5  -2.9688
3 16 -17.8975 -0.5  -2.0241 -17.8436 -0.5  -2.0183 -17.8841 -0.5  -2.0187
4 16 -13.119 -0.5  2.9688 -6.3333 -0.5  2.9688 -6.3333 -0.5  4.75 -12.2143 -0.5  4.75
4 16 -19 -0.5  -3.7001 -19 -0.5  -4.75 -7.7253 -0.5  -4.75 -6.6349 -0.5  -2.9688
3 16 -19 -0.5  -3.7001 -6.6349 -0.5  -2.9688 -16.9567 -0.5  -2.9688
3 16 -7.7253 -0.5  -4.75 -6.6349 -0.5  -4.75 -6.6349 -0.5  -2.9688
3 16 16.2053 -0.5  -1.9911 17.6509 -0.5  -1.9956 16.3922 -0.5  -1.6415
4 16 15.8413 -0.5  -2.6719 19 -0.5  -2.6719 19 -0.5  -2.375 17.6509 -0.5  -1.9956
3 16 15.8413 -0.5  -2.6719 17.6509 -0.5  -1.9956 16.2053 -0.5  -1.9911
4 16 15.6825 -0.5  -2.9688 19 -0.5  -2.9688 19 -0.5  -2.6719 15.8413 -0.5  -2.6719
4 16 6.3333 -0.5  -2.9688 6.3333 -0.5  -4.1563 19 -0.5  -4.1563 19 -0.5  -2.9688
4 16 5.7302 -0.5  -4.1563 6.3333 -0.5  -4.75 6.3635 -0.5  -4.75 5.8508 -0.5  -4.1563
4 16 6.3333 -0.5  -4.1563 6.3333 -0.5  -4.7151 6.3635 -0.5  -4.75 19 -0.5  -4.75
3 16 6.3333 -0.5  -4.1563 19 -0.5  -4.75 19 -0.5  -4.1563
4 16 6.3333 -0.5  4.75 6.3333 -0.5  2.9688 6.5218 -0.5  2.9688 12.5159 -0.5  4.75
4 16 6.5218 -0.5  2.9688 14.9429 -0.5  2.9688 15.8908 -0.5  4.75 12.5159 -0.5  4.75
3 16 15.2302 -0.5  2.9688 15.3056 -0.5  2.9688 15.381 -0.5  3.1172
4 16 14.9429 -0.5  2.9688 15.2302 -0.5  2.9688 15.381 -0.5  3.1172 16.2103 -0.5  4.75
3 16 14.9429 -0.5  2.9688 16.2103 -0.5  4.75 15.8908 -0.5  4.75
4 16 16.873 -0.5  -0.7422 19 -0.5  -0.7422 19 -0.5  0.1113 17.6421 -0.5  0.6961
4 16 15.3056 -0.5  2.9688 18.8492 -0.5  2.9688 19 -0.5  3.2312 19 -0.5  4.75
3 16 15.3056 -0.5  2.9688 19 -0.5  4.75 16.2103 -0.5  4.75
4 16 18.6782 -0.5  2.671 18.6984 -0.5  2.6719 19 -0.5  3.0281 19 -0.5  3.2312
4 16 17.6421 -0.5  0.6961 19 -0.5  0.1113 19 -0.5  3.0281 18.6984 -0.5  2.6719
4 16 16.3922 -0.5  -1.6415 19 -0.5  -2.375 19 -0.5  -0.7422 16.873 -0.5  -0.7422
4 15 19 0 -4.75 -19 0 -4.75 -19 0 4.75 19 0 4.75
2 24 19 0 -4.75 -19 0 -4.75
2 24 -19 0 -4.75 -19 0 4.75
2 24 -19 0 4.75 19 0 4.75
2 24 19 0 4.75 19 0 -4.75
4 15 -19 0 4.75 -19 -0.5 4.75 19 -0.5 4.75 19 0 4.75
4 15 19 0 -4.75 19 -0.5 -4.75 -19 -0.5 -4.75 -19 0 -4.75
4 15 -19 0 -4.75 -19 -0.5 -4.75 -19 -0.5 4.75 -19 0 4.75
4 15 19 0 4.75 19 -0.5 4.75 19 -0.5 -4.75 19 0 -4.75
2 24 19 0 -4.75 -19 0 -4.75
2 24 -19 0 -4.75 -19 0 4.75
2 24 -19 0 4.75 19 0 4.75
2 24 19 0 4.75 19 0 -4.75
2 24 19 0 -4.75 19 -0.5 -4.75
2 24 -19 0 -4.75 -19 -0.5 -4.75
2 24 -19 0 4.75 -19 -0.5 4.75
2 24 19 0 4.75 19 -0.5 4.75
