0 Sticker for Patriotic Jake - 79 LDU wide
0 Name: sticker_patriotic_jake.dat
0 Author: svg2ldraw
0 !LICENSE Redistributable under CCAL version 2.0 : see CAreadme.txt
0 BFC CERTIFY CCW
3 16 -36.4169 -0.5 0 -36.4373 -0.5115 0.0339 -36.4364 -0.5 0
3 15 -33.8642 -0.5 0 -34.1841 -0.7298 0.678 -34.1349 -0.5 0
3 16 39.5 -0.5 0 39.5 -0.7822 0.8326 37.4438 -0.5 0
4 15 36.4239 -0.5 0 36.4375 -0.5099 0.0293 36.4456 -1.2626 2.2496 34.3318 -0.5 0
3 15 -5.5374 -0.5 0 -11.1173 -1.14 1.8879 -10.4749 -0.5 0
3 15 -34.1349 -0.5 0 -34.3318 -1.4193 2.712 -34.3318 -0.5 0
4 15 -10.4749 -0.5 0 -11.1173 -1.14 1.8879 -11.3762 -1.1696 1.9754 -10.7177 -0.5 0
4 15 -34.8967 -0.5 0 -36.5467 -1.879 4.0681 -36.4373 -0.5115 0.0339 -36.4169 -0.5 0
3 16 -36.4364 -0.5 0 -36.5467 -1.879 4.0681 -36.5467 -0.5 0
3 4 17.3347 -0.5 0 20.3037 -2.1089 4.7461 6.2757 -0.5 0
3 4 19.2157 -0.5 0 20.3037 -2.1089 4.7461 17.3347 -0.5 0
4 15 -10.7177 -0.5 0 -11.3762 -1.1696 1.9754 -19.1917 -2.066 4.6196 -30.8247 -0.5 0
4 16 39.5 -0.7822 0.8326 39.5 -2.3645 5.5002 38.4751 -1.9947 4.4094 36.4238 -0.5 0
3 16 37.4438 -0.5 0 39.5 -0.7822 0.8326 36.4238 -0.5 0
3 16 38.4751 -1.9947 4.4094 36.4456 -1.2626 2.2496 36.4375 -0.5099 0.0293
4 23 -32.235 -0.5738 0.2176 -32.1084 -2.4051 5.62 -32.2272 -2.4051 5.62 -32.4022 -0.5 0
3 23 -32.2808 -0.5 0 -32.235 -0.5738 0.2176 -32.4022 -0.5 0
4 23 -32.2272 -2.4051 5.62 -33.5921 -2.4051 5.62 -34.1841 -0.7298 0.678 -33.8642 -0.5 0
3 23 -32.4022 -0.5 0 -32.2272 -2.4051 5.62 -33.8642 -0.5 0
4 4 22.2424 -0.5 0 25.6215 -2.4051 5.62 25.4165 -2.4051 5.62 22.1212 -0.5 0
4 23 -0.3691 -0.5 0 -3.4291 -2.4051 5.62 -5.0274 -2.4051 5.62 -5.5374 -0.5 0
4 4 1.1075 -0.5 0 4.1674 -2.4051 5.62 0.3692 -2.4051 5.62 0.3692 -0.5 0
4 15 5.5297 -0.5 0 9.4183 -2.4051 5.62 4.1674 -2.4051 5.62 1.1075 -0.5 0
4 15 6.2757 -0.5 0 9.7727 -2.4051 5.62 9.4183 -2.4051 5.62 5.5297 -0.5 0
4 16 -36.5467 -0.5 0 -36.5467 -2.4051 5.62 -39.5 -2.4051 5.62 -39.5 -0.5 0
2 24 -39.5 0 0 -39.5 -1.9051 5.62
2 24 -39.5 0 0 -39.5 -1.9051 5.62
4 4 34.3318 -0.5 0 34.3318 -2.4051 5.62 25.6215 -2.4051 5.62 22.2424 -0.5 0
4 15 0.3692 -0.5 0 0.3692 -2.4051 5.62 -3.4291 -2.4051 5.62 -0.3691 -0.5 0
4 15 -39.5 0 0 -39.5 -1.9051 5.62 39.5 -1.9051 5.62 39.5 0 0
2 24 39.5 -1.9051 5.62 39.5 0 0
4 15 -39.5 0 0 -39.5 -0.5 0 -39.5 -2.4051 5.62 -39.5 -1.9051 5.62
4 15 39.5 -0.5 0 39.5 0 0 39.5 -1.9051 5.62 39.5 -2.4051 5.62
2 24 39.5 -1.9051 5.62 39.5 0 0
3 23 -11.9607 -1.7641 3.7291 -19.5654 -2.1089 4.7461 -5.5374 -0.5 0
4 15 -34.3318 -2.4051 5.62 -36.5467 -2.4051 5.62 -36.5467 -1.879 4.0681 -34.8967 -0.5 0
3 15 -34.3318 -0.5 0 -34.3318 -2.4051 5.62 -34.8967 -0.5 0
4 4 25.4165 -2.4051 5.62 20.6209 -2.4051 5.62 20.3037 -2.1089 4.7461 19.2157 -0.5 0
3 4 22.1212 -0.5 0 25.4165 -2.4051 5.62 19.2157 -0.5 0
4 15 36.4456 -1.2626 2.2496 36.458 -2.4051 5.62 34.3318 -2.4051 5.62 34.3318 -0.5 0
4 15 -19.5654 -2.1089 4.7461 -26.0999 -2.4051 5.62 -31.0988 -2.4051 5.62 -32.2807 -0.5 0
4 15 -30.8248 -0.5 0 -19.1917 -2.066 4.6196 -19.5654 -2.1089 4.7461 -32.2807 -0.5 0
4 23 -33.6459 -2.4051 5.62 -34.3318 -2.4051 5.62 -34.3318 -1.4193 2.712 -34.1841 -0.7298 0.678
4 23 -5.0274 -2.4051 5.62 -8.8879 -2.4051 5.62 -11.9607 -1.7641 3.7291 -5.5374 -0.5 0
3 15 -31.0988 -2.4051 5.62 -32.1084 -2.4051 5.62 -32.235 -0.5738 0.2176
3 23 -33.5921 -2.4051 5.62 -33.6459 -2.4051 5.62 -34.1841 -0.7298 0.678
4 15 20.3037 -2.1089 4.7461 20.504 -2.4051 5.62 9.7727 -2.4051 5.62 6.2757 -0.5 0
4 16 39.5 -2.3645 5.5002 39.5 -2.4051 5.62 36.458 -2.4051 5.62 36.4456 -1.2626 2.2496
4 23 -13.8762 -2.4051 5.62 -18.2059 -2.4051 5.62 -19.5654 -2.1089 4.7461 -11.9607 -1.7641 3.7291
3 23 -8.8879 -2.4051 5.62 -12.591 -2.4051 5.62 -11.9607 -1.7641 3.7291
3 15 -12.591 -2.4051 5.62 -13.8762 -2.4051 5.62 -11.9607 -1.7641 3.7291
4 15 -19.8826 -2.4051 5.62 -20.5953 -2.4051 5.62 -20.7743 -2.1637 4.9078 -19.5654 -2.1089 4.7461
3 23 -18.8517 -2.4051 5.62 -19.8826 -2.4051 5.62 -19.5654 -2.1089 4.7461
3 23 -18.2059 -2.4051 5.62 -18.8517 -2.4051 5.62 -19.5654 -2.1089 4.7461
3 15 20.6209 -2.4051 5.62 20.5041 -2.4051 5.62 20.3037 -2.1089 4.7461
4 15 -20.5953 -2.4051 5.62 -25.6511 -2.4051 5.62 -25.6301 -2.3838 5.5572 -20.7743 -2.1637 4.9078
3 15 -25.6511 -2.4051 5.62 -26.0998 -2.4051 5.62 -25.6301 -2.3838 5.5572
3 15 -26.0999 -2.4051 5.62 -30.9621 -2.5389 6.2934 -31.0988 -2.4051 5.62
4 23 -13.8762 -2.4051 5.62 -14.914 -2.616 6.681 -18.0888 -2.4206 5.698 -18.2059 -2.4051 5.62
4 15 -31.0988 -2.4051 5.62 -30.9621 -2.5389 6.2934 -32.0896 -2.57 6.4496 -32.1084 -2.4051 5.62
3 15 -19.8826 -2.4051 5.62 -20.3037 -2.6439 6.8215 -20.5953 -2.4051 5.62
4 15 20.6209 -2.4051 5.62 21.0421 -2.6439 6.8215 20.742 -2.6187 6.6947 20.5041 -2.4051 5.62
4 15 -12.591 -2.4051 5.62 -13.0682 -2.6997 7.1024 -14.6784 -2.5681 6.4401 -13.8762 -2.4051 5.62
4 15 -34.3318 -2.4051 5.62 -34.3318 -2.6317 6.7601 -36.5467 -2.6927 7.0669 -36.5467 -2.4051 5.62
4 23 -18.2059 -2.4051 5.62 -18.0888 -2.4206 5.698 -16.686 -2.9509 8.3663 -18.8517 -2.4051 5.62
4 16 -36.5467 -2.4051 5.62 -36.5467 -2.6927 7.0669 -39.5 -2.7739 7.4759 -39.5 -2.4051 5.62
3 23 -3.4291 -2.4051 5.62 -4.7991 -2.923 8.2258 -5.0274 -2.4051 5.62
3 23 -5.0274 -2.4051 5.62 -4.7991 -2.923 8.2258 -8.8879 -2.4051 5.62
3 15 -14.914 -2.616 6.681 -15.5837 -2.7521 7.3657 -18.0888 -2.4206 5.698
4 4 25.4165 -2.4051 5.62 27.6869 -3.2021 9.6301 21.0421 -2.6439 6.8215 20.6209 -2.4051 5.62
4 15 -20.5953 -2.4051 5.62 -20.3037 -2.6439 6.8215 -26.9486 -3.2021 9.6301 -25.6511 -2.4051 5.62
4 23 -4.7991 -2.923 8.2258 -10.3364 -2.923 8.2258 -13.0682 -2.6997 7.1024 -12.591 -2.4051 5.62
3 23 -8.8879 -2.4051 5.62 -4.7991 -2.923 8.2258 -12.591 -2.4051 5.62
3 15 9.7727 -2.4051 5.62 12.9387 -3.4524 10.8892 9.4183 -2.4051 5.62
4 15 -12.8975 -2.7137 7.1725 -13.4317 -3.0368 8.7984 -15.5837 -2.7521 7.3657 -14.6784 -2.5681 6.4401
4 23 -16.686 -2.9509 8.3663 -19.1963 -3.551 11.3856 -20.3037 -2.6439 6.8215 -19.8826 -2.4051 5.62
3 23 -18.8517 -2.4051 5.62 -16.686 -2.9509 8.3663 -19.8826 -2.4051 5.62
4 15 9.4183 -2.4051 5.62 12.9387 -3.4524 10.8892 5.5374 -2.923 8.2258 4.1674 -2.4051 5.62
4 4 4.1674 -2.4051 5.62 5.5374 -2.923 8.2258 0.3692 -3.4812 11.0345 0.3692 -2.4051 5.62
3 15 -10.3364 -2.923 8.2258 -13.6589 -3.1742 9.4897 -12.8975 -2.7137 7.1725
4 4 30.6402 -4.1232 14.2645 27.6869 -3.2021 9.6301 25.4165 -2.4051 5.62 25.6215 -2.4051 5.62
4 15 22.4263 -4.1309 14.3033 12.9387 -3.4524 10.8892 9.7727 -2.4051 5.62 20.504 -2.4051 5.62
3 23 -19.1963 -3.551 11.3856 -26.9486 -3.2021 9.6301 -20.3037 -2.6439 6.8215
4 23 -4.7991 -2.923 8.2258 -14.3972 -3.6208 11.7367 -13.6589 -3.1742 9.4897 -10.3364 -2.923 8.2258
4 15 -13.4317 -3.0368 8.7984 -14.3972 -3.6208 11.7367 -14.8307 -3.6523 11.8952 -18.0888 -2.4206 5.698
3 15 -15.684 -3.3297 10.2722 -19.1963 -3.551 11.3856 -16.686 -2.9509 8.3663
4 4 34.3318 -2.4051 5.62 34.3318 -4.3186 15.2476 30.6402 -4.1232 14.2645 25.6215 -2.4051 5.62
4 15 -29.4064 -4.712 17.2269 -31.8258 -4.8879 18.1118 -32.0896 -2.57 6.4496 -26.0998 -2.4051 5.62
3 15 -25.6511 -2.4051 5.62 -29.4064 -4.712 17.2269 -26.0998 -2.4051 5.62
4 15 -14.8307 -3.6523 11.8952 -15.1396 -3.6748 12.0082 -15.8738 -3.3417 10.3323 -15.684 -3.3297 10.2722
4 15 0.3692 -4.9551 18.45 -3.9032 -4.9551 18.45 -4.7991 -2.923 8.2258 -3.4291 -2.4051 5.62
3 15 0.3692 -2.4051 5.62 0.3692 -4.9551 18.45 -3.4291 -2.4051 5.62
3 23 -19.1963 -3.551 11.3856 -18.4579 -3.8999 13.1411 -26.9486 -3.2021 9.6301
3 4 20.6729 -4.3186 15.2476 0.3692 -3.4812 11.0345 5.5374 -2.923 8.2258
4 23 -15.1355 -3.6766 12.0175 -18.4579 -3.8999 13.1411 -19.1963 -3.551 11.3856 -15.8738 -3.3417 10.3323
4 23 -32.2272 -2.4051 5.62 -31.8414 -4.9551 18.45 -32.1082 -4.9551 18.45 -33.5921 -2.4051 5.62
4 16 39.5 -2.4051 5.62 39.5 -4.9551 18.45 36.5033 -4.9551 18.45 36.458 -2.4051 5.62
4 23 -33.6459 -2.4051 5.62 -32.2969 -4.9551 18.45 -34.3318 -4.9551 18.45 -34.3318 -2.4051 5.62
4 23 -32.1084 -2.4051 5.62 -31.8182 -4.9551 18.45 -31.8414 -4.9551 18.45 -32.2272 -2.4051 5.62
4 15 36.458 -2.4051 5.62 36.5033 -4.9551 18.45 34.3318 -4.9551 18.45 34.3318 -2.4051 5.62
4 15 -39.5 -1.9051 5.62 -39.5 -4.4551 18.45 39.5 -4.4551 18.45 39.5 -1.9051 5.62
2 24 -39.5 -1.9051 5.62 -39.5 -4.4551 18.45
2 24 39.5 -4.4551 18.45 39.5 -1.9051 5.62
4 15 -39.5 -2.4051 5.62 -39.5 -4.9551 18.45 -39.5 -4.4551 18.45 -39.5 -1.9051 5.62
4 15 39.5 -1.9051 5.62 39.5 -4.4551 18.45 39.5 -4.9551 18.45 39.5 -2.4051 5.62
2 24 -39.5 -1.9051 5.62 -39.5 -4.4551 18.45
2 24 39.5 -4.4551 18.45 39.5 -1.9051 5.62
4 23 -33.5921 -2.4051 5.62 -32.1082 -4.9551 18.45 -32.2969 -4.9551 18.45 -33.6459 -2.4051 5.62
3 4 19.1963 -3.8999 13.1411 20.6729 -4.3186 15.2476 5.5374 -2.923 8.2258
3 15 -14.5512 -3.9417 13.3514 -15.5264 -3.7029 12.1498 -15.1355 -3.6766 12.0175
4 15 -34.3318 -4.9551 18.45 -36.5467 -4.9551 18.45 -36.5467 -2.6927 7.0669 -34.3318 -2.6317 6.7601
3 15 -18.4284 -3.9139 13.2113 -18.4579 -3.8999 13.1411 -15.5264 -3.7029 12.1498
4 16 -36.5467 -4.9551 18.45 -39.5 -4.9551 18.45 -39.5 -2.7739 7.4759 -36.5467 -2.6927 7.0669
3 15 -18.4284 -3.9139 13.2113 -18.5343 -3.9216 13.25 -18.4579 -3.8999 13.1411
3 4 30.6402 -4.1232 14.2645 29.9019 -4.4581 15.9497 27.6869 -3.2021 9.6301
4 15 -14.5512 -3.9417 13.3514 -19.9346 -4.3186 15.2476 -18.5343 -3.9216 13.25 -15.5264 -3.7029 12.1498
4 15 30.7782 -4.9551 18.45 27.5945 -4.9551 18.45 22.8592 -4.5196 16.2591 20.742 -2.6187 6.6947
3 15 27.6869 -3.2021 9.6301 30.7782 -4.9551 18.45 20.742 -2.6187 6.6947
4 15 -3.9032 -4.9551 18.45 -12.3174 -4.9551 18.45 -15.1396 -3.6748 12.0082 -4.7991 -2.923 8.2258
4 15 22.4263 -4.1309 14.3033 22.8592 -4.5196 16.2591 20.6729 -4.3186 15.2476 19.1963 -3.8999 13.1411
4 23 -19.9346 -4.3186 15.2476 -29.0264 -4.9551 18.45 -29.8021 -4.9551 18.45 -26.9486 -3.2021 9.6301
3 23 -18.4579 -3.8999 13.1411 -19.9346 -4.3186 15.2476 -26.9486 -3.2021 9.6301
4 4 18.241 -4.9551 18.45 8.0968 -4.9551 18.45 3.6107 -4.5977 16.6519 0.3692 -3.4812 11.0345
3 4 20.6729 -4.3186 15.2476 18.241 -4.9551 18.45 0.3692 -3.4812 11.0345
3 15 4.6483 -4.9551 18.45 0.3692 -4.9551 18.45 0.3692 -3.4812 11.0345
4 15 34.3318 -4.3186 15.2476 34.3318 -4.9551 18.45 33.0702 -4.9551 18.45 30.6402 -4.1232 14.2645
3 15 -12.3174 -4.9551 18.45 -29.0262 -4.9551 18.45 -14.5512 -3.9417 13.3514
4 15 33.0701 -4.9551 18.45 30.7782 -4.9551 18.45 29.9019 -4.4581 15.9497 30.6402 -4.1232 14.2645
3 4 27.5945 -4.9551 18.45 18.241 -4.9551 18.45 20.6729 -4.3186 15.2476
3 15 6.3287 -4.9551 18.45 4.6483 -4.9551 18.45 3.6107 -4.5977 16.6519
3 15 8.0968 -4.9551 18.45 6.3287 -4.9551 18.45 3.6107 -4.5977 16.6519
4 15 -29.8021 -4.9551 18.45 -31.8182 -4.9551 18.45 -31.8258 -4.8879 18.1118 -29.4064 -4.712 17.2269
3 23 -29.0264 -4.9551 18.45 -29.9019 -4.9758 18.7637 -29.8021 -4.9551 18.45
4 15 -29.8021 -4.9551 18.45 -29.9019 -4.9758 18.7637 -31.7961 -5.0205 19.4426 -31.8182 -4.9551 18.45
4 15 -34.3318 -4.9551 18.45 -34.3318 -4.9939 19.0386 -36.5467 -5.0482 19.8628 -36.5467 -4.9551 18.45
3 15 30.7782 -4.9551 18.45 31.3944 -5.073 20.2386 27.5945 -4.9551 18.45
3 15 34.3318 -4.9551 18.45 34.3318 -5.1008 20.6608 33.0702 -4.9551 18.45
4 16 -36.5467 -4.9551 18.45 -36.5467 -5.0482 19.8628 -39.5 -5.1206 20.9618 -39.5 -4.9551 18.45
3 4 18.241 -4.9551 18.45 15.8738 -5.1641 21.6212 8.0968 -4.9551 18.45
3 23 -31.8414 -4.9551 18.45 -31.7477 -5.1641 21.6212 -32.1082 -4.9551 18.45
3 23 -31.8182 -4.9551 18.45 -31.7477 -5.1641 21.6212 -31.8414 -4.9551 18.45
4 15 33.0701 -4.9551 18.45 35.0811 -5.1873 21.974 31.3944 -5.073 20.2386 30.7782 -4.9551 18.45
4 4 27.5945 -4.9551 18.45 34.3318 -5.1641 21.6212 15.8738 -5.1641 21.6212 18.241 -4.9551 18.45
4 15 -34.3318 -5.0804 20.3513 -36.5467 -5.1327 21.145 -36.5467 -5.0482 19.8628 -34.3318 -4.9939 19.0386
4 15 36.5033 -4.9551 18.45 36.5244 -5.354 24.5031 34.3318 -5.1008 20.6608 34.3318 -4.9551 18.45
4 16 -36.5467 -5.1327 21.145 -39.5 -5.2024 22.2033 -39.5 -5.1206 20.9618 -36.5467 -5.0482 19.8628
4 15 6.9214 -5.2192 22.4576 4.2191 -5.4489 25.9427 0.3692 -5.1641 21.6212 0.3692 -4.9551 18.45
3 15 4.6483 -4.9551 18.45 6.9214 -5.2192 22.4576 0.3692 -4.9551 18.45
4 15 -12.3174 -4.9551 18.45 -6.9525 -5.7761 30.9079 -31.7961 -5.0205 19.4426 -29.0262 -4.9551 18.45
4 23 -31.7477 -5.1641 21.6212 -31.0093 -5.7761 30.9079 -32.2969 -4.9551 18.45 -32.1082 -4.9551 18.45
4 16 39.5 -4.9551 18.45 39.5 -5.6976 29.7173 36.5244 -5.354 24.5031 36.5033 -4.9551 18.45
4 15 15.8738 -5.1641 21.6212 23.9953 -5.6819 29.4792 24.8391 -5.7761 30.9079 6.3287 -4.9551 18.45
3 15 8.0968 -4.9551 18.45 15.8738 -5.1641 21.6212 6.3287 -4.9551 18.45
4 4 34.3318 -5.1641 21.6212 34.3318 -5.7761 30.9079 18.8271 -5.3524 24.4787 15.8738 -5.1641 21.6212
4 23 -32.2969 -4.9551 18.45 -31.0093 -5.7761 30.9079 -34.3318 -5.7761 30.9079 -34.3318 -4.9551 18.45
4 15 -3.9032 -4.9551 18.45 -2.8302 -5.7761 30.9079 -6.9525 -5.7761 30.9079 -12.3174 -4.9551 18.45
4 15 0.3692 -4.9551 18.45 0.3692 -5.7761 30.9079 -2.8302 -5.7761 30.9079 -3.9032 -4.9551 18.45
4 15 -39.5 -4.4551 18.45 -39.5 -5.2761 30.9079 39.5 -5.2761 30.9079 39.5 -4.4551 18.45
2 24 -39.5 -4.4551 18.45 -39.5 -5.2761 30.9079
2 24 39.5 -5.2761 30.9079 39.5 -4.4551 18.45
4 15 -39.5 -4.4551 18.45 -39.5 -4.9551 18.45 -39.5 -5.7761 30.9079 -39.5 -5.2761 30.9079
4 15 39.5 -4.9551 18.45 39.5 -4.4551 18.45 39.5 -5.2761 30.9079 39.5 -5.7761 30.9079
2 24 -39.5 -4.4551 18.45 -39.5 -5.2761 30.9079
2 24 39.5 -5.2761 30.9079 39.5 -4.4551 18.45
4 15 35.0811 -5.1873 21.974 36.5244 -5.354 24.5031 36.5467 -5.7761 30.9079 34.3318 -5.1641 21.6212
4 15 24.8391 -5.7761 30.9079 16.6121 -5.7761 30.9079 10.2741 -5.6087 28.3686 4.6483 -4.9551 18.45
3 15 6.3287 -4.9551 18.45 24.8391 -5.7761 30.9079 4.6483 -4.9551 18.45
3 15 10.2741 -5.6087 28.3686 4.2191 -5.4489 25.9427 6.9214 -5.2192 22.4576
4 15 -6.9525 -5.7761 30.9079 -30.6919 -5.7761 30.9079 -31.7477 -5.1641 21.6212 -31.7961 -5.0205 19.4426
4 15 -34.3318 -5.7761 30.9079 -36.5467 -5.7761 30.9079 -36.5467 -5.1327 21.145 -34.3318 -5.0804 20.3513
3 4 4.2191 -5.4489 25.9427 0.3692 -5.7761 30.9079 0.3692 -5.1641 21.6212
4 16 -36.5467 -5.7761 30.9079 -39.5 -5.7761 30.9079 -39.5 -5.2024 22.2033 -36.5467 -5.1327 21.145
3 15 21.7604 -5.4325 25.695 23.9953 -5.6819 29.4792 18.8271 -5.3524 24.4787
3 15 -30.6919 -5.7761 30.9079 -31.0093 -5.7761 30.9079 -31.7477 -5.1641 21.6212
4 15 36.5467 -5.7761 30.9079 35.0701 -5.7761 30.9079 34.3318 -5.6348 28.7649 34.3318 -5.1641 21.6212
4 15 25.234 -5.5275 27.1354 26.0548 -5.7761 30.9079 24.8391 -5.7761 30.9079 21.7604 -5.4325 25.695
4 16 39.5 -5.6976 29.7173 39.5 -5.7761 30.9079 36.5467 -5.7761 30.9079 36.5244 -5.354 24.5031
3 4 16.6121 -5.7761 30.9079 0.3692 -5.7761 30.9079 4.2191 -5.4489 25.9427
3 15 34.3318 -5.7761 30.9079 26.0548 -5.7761 30.9079 25.234 -5.5275 27.1354
3 15 35.0701 -5.7761 30.9079 34.3318 -5.7761 30.9079 34.3318 -5.6348 28.7649
2 24 -39.5 -5.2761 30.9079 39.5 -5.2761 30.9079
4 15 -39.5 -5.2761 30.9079 -39.5 -5.7761 30.9079 39.5 -5.7761 30.9079 39.5 -5.2761 30.9079
2 24 -39.5 -5.2761 30.9079 39.5 -5.2761 30.9079
2 24 -39.5 -5.2761 30.9079 -39.5 -5.7761 30.9079
2 24 39.5 -5.2761 30.9079 39.5 -5.7761 30.9079
3 16 36.1871 -0.3275 -0.5089 37.4438 -0.5 0 36.4238 -0.5 0
3 15 -32.4134 -0.2862 -0.6308 -30.8248 -0.5 0 -32.2807 -0.5 0
3 23 -32.4233 -0.2702 -0.678 -32.2808 -0.5 0 -32.4022 -0.5 0
3 4 0.3692 -0.0403 -1.356 1.1075 -0.5 0 0.3692 -0.5 0
3 15 0.3692 -0.0403 -1.356 0.3692 -0.5 0 -0.3691 -0.5 0
3 15 -34.8967 -0.5 0 -34.3318 -0.0279 -1.3927 -34.3318 -0.5 0
4 23 -33.2243 -0.0403 -1.356 -32.4233 -0.2702 -0.678 -32.4022 -0.5 0 -33.8642 -0.5 0
4 15 -34.0421 -0.0669 -1.2777 -33.3845 -0.1554 -1.0165 -33.8642 -0.5 0 -34.1349 -0.5 0
3 15 -32.4134 -0.2862 -0.6308 -32.4233 -0.2702 -0.678 -32.3272 -0.2977 -0.5967
4 15 32.4205 0.1895 -2.034 36.1871 -0.3275 -0.5089 36.4239 -0.5 0 34.3318 -0.5 0
4 16 35.3632 0.2729 -2.28 39.5 -0.3458 -0.4549 39.5 -0.5 0 37.4438 -0.5 0
3 16 36.1871 -0.3275 -0.5089 35.3632 0.2729 -2.28 37.4438 -0.5 0
4 15 -34.3318 -0.0279 -1.3927 -34.0421 -0.0669 -1.2777 -34.1349 -0.5 0 -34.3318 -0.5 0
4 15 -35.3381 0.1076 -1.7923 -34.3318 -0.0279 -1.3927 -34.8967 -0.5 0 -36.4169 -0.5 0
4 16 -39.5 0.0056 -1.4916 -36.5467 0.2703 -2.2723 -36.5467 -0.5 0 -39.5 -0.5 0
4 16 -36.3766 0.2473 -2.2047 -35.3381 0.1076 -1.7923 -36.4169 -0.5 0 -36.4364 -0.5 0
4 16 -36.5467 0.2703 -2.2723 -36.3766 0.2473 -2.2047 -36.4364 -0.5 0 -36.5467 -0.5 0
3 16 -36.9447 0.3238 -2.4303 -36.5467 0.2703 -2.2723 -39.5 0.0056 -1.4916
4 15 -35.3381 0.1076 -1.7923 -35.0701 0.2585 -2.2374 -32.1598 0.7244 -3.6119 -33.3845 -0.1554 -1.0165
3 16 -36.9447 0.3238 -2.4303 -34.3889 0.6421 -3.3691 -35.3381 0.1076 -1.7923
4 15 -10.6481 1.7949 -6.77 -8.4609 1.7949 -6.77 -10.7177 -0.5 0 -30.8247 -0.5 0
3 15 -32.3272 -0.2977 -0.5967 -10.6481 1.7949 -6.77 -30.8247 -0.5 0
4 15 0.3692 1.7949 -6.77 0.8453 1.7949 -6.77 5.5297 -0.5 0 1.1075 -0.5 0
3 15 0.3692 -0.0403 -1.356 0.3692 1.7949 -6.77 1.1075 -0.5 0
4 23 0.3692 1.7949 -6.77 0.3692 -0.0403 -1.356 -0.3691 -0.5 0 -5.5374 -0.5 0
3 23 -1.3247 1.7949 -6.77 0.3692 1.7949 -6.77 -5.5374 -0.5 0
4 16 -34.3889 0.6421 -3.3691 -31.831 0.9606 -4.3087 -32.1598 0.7244 -3.6119 -35.0701 0.2585 -2.2374
4 4 13.0997 1.7949 -6.77 17.6637 1.7949 -6.77 19.2157 -0.5 0 17.3347 -0.5 0
4 4 18.1719 1.7949 -6.77 20.2018 1.7949 -6.77 34.3318 -0.5 0 22.2424 -0.5 0
4 4 18.1515 1.7949 -6.77 18.1719 1.7949 -6.77 22.2424 -0.5 0 22.1212 -0.5 0
4 4 17.6637 1.7949 -6.77 18.1515 1.7949 -6.77 22.1212 -0.5 0 19.2157 -0.5 0
4 4 2.0631 1.7949 -6.77 13.0997 1.7949 -6.77 17.3347 -0.5 0 6.2757 -0.5 0
4 15 -10.7177 -0.5 0 -8.4609 1.7949 -6.77 -8.1711 1.7949 -6.77 -10.4749 -0.5 0
4 15 -8.1711 1.7949 -6.77 -6.1518 1.7949 -6.77 -5.5374 -0.5 0 -10.4749 -0.5 0
4 15 0.8453 1.7949 -6.77 2.063 1.7949 -6.77 6.2757 -0.5 0 5.5297 -0.5 0
2 24 39.5 0 0 39.5 2.2949 -6.77
2 24 39.5 0 0 39.5 2.2949 -6.77
4 15 -39.5 0 0 39.5 0 0 39.5 2.2949 -6.77 -39.5 2.2949 -6.77
4 15 -39.5 -0.5 0 -39.5 0 0 -39.5 2.2949 -6.77 -39.5 1.7949 -6.77
4 15 39.5 0 0 39.5 -0.5 0 39.5 1.7949 -6.77 39.5 2.2949 -6.77
2 24 -39.5 2.2949 -6.77 -39.5 0 0
2 24 -39.5 2.2949 -6.77 -39.5 0 0
4 15 -32.1598 0.7244 -3.6119 -12.5126 1.7949 -6.77 -10.6481 1.7949 -6.77 -32.3272 -0.2977 -0.5967
3 15 -33.2243 -0.0403 -1.356 -32.1598 0.7244 -3.6119 -32.3272 -0.2977 -0.5967
4 4 20.2018 1.7949 -6.77 20.7244 1.7949 -6.77 32.4205 0.1895 -2.034 34.3318 -0.5 0
4 15 20.7244 1.7949 -6.77 25.186 1.7949 -6.77 35.3632 0.2729 -2.28 36.1871 -0.3275 -0.5089
4 16 25.186 1.7949 -6.77 35.0811 1.7949 -6.77 39.5 0.4193 -2.712 39.5 -0.3458 -0.4549
3 15 -6.1518 1.7949 -6.77 -1.3247 1.7949 -6.77 -5.5374 -0.5 0
3 16 -31.831 0.9606 -4.3087 -26.6718 1.603 -6.2038 -32.1598 0.7244 -3.6119
4 16 -30.302 1.7949 -6.77 -25.4729 1.7949 -6.77 -26.6718 1.603 -6.2038 -39.5 0.0056 -1.4916
3 16 -39.5 1.4536 -5.7631 -30.302 1.7949 -6.77 -39.5 0.0056 -1.4916
3 16 35.0811 1.7949 -6.77 39.5 1.7949 -6.77 39.5 0.4193 -2.712
3 15 -25.473 1.7949 -6.77 -12.5126 1.7949 -6.77 -32.1598 0.7244 -3.6119
3 16 -36.2106 1.7949 -6.77 -30.302 1.7949 -6.77 -39.5 1.4536 -5.7631
3 16 -39.5 1.7949 -6.77 -36.2106 1.7949 -6.77 -39.5 1.4536 -5.7631
3 15 -8.2315 2.1165 -7.4216 -8.4609 1.7949 -6.77 -10.6481 1.7949 -6.77
3 15 -8.2315 2.1165 -7.4216 -10.6481 1.7949 -6.77 -12.5126 1.7949 -6.77
3 15 0.3692 2.1165 -7.4216 0.8453 1.7949 -6.77 0.3692 1.7949 -6.77
3 16 -24.0159 2.1165 -7.4216 -25.4729 1.7949 -6.77 -30.302 1.7949 -6.77
4 15 -24.0159 2.1165 -7.4216 -8.2315 2.1165 -7.4216 -12.5126 1.7949 -6.77 -25.473 1.7949 -6.77
4 15 -8.2315 2.1165 -7.4216 -7.9369 2.1165 -7.4216 -8.1711 1.7949 -6.77 -8.4609 1.7949 -6.77
4 15 -7.9369 2.1165 -7.4216 -6.2142 2.1165 -7.4216 -6.1518 1.7949 -6.77 -8.1711 1.7949 -6.77
4 15 -6.2142 2.1165 -7.4216 -0.8965 2.1165 -7.4216 -1.3247 1.7949 -6.77 -6.1518 1.7949 -6.77
4 15 0.3692 2.1165 -7.4216 1.6348 2.1165 -7.4216 2.063 1.7949 -6.77 0.8453 1.7949 -6.77
4 15 19.0249 2.1165 -7.4216 23.6262 2.1165 -7.4216 25.186 1.7949 -6.77 20.7244 1.7949 -6.77
4 16 -33.9626 2.1165 -7.4216 -24.0159 2.1165 -7.4216 -30.302 1.7949 -6.77 -36.2106 1.7949 -6.77
3 4 17.3505 2.4334 -8.0635 20.2018 1.7949 -6.77 18.1719 1.7949 -6.77
3 4 17.3505 2.4334 -8.0635 20.7244 1.7949 -6.77 20.2018 1.7949 -6.77
3 4 17.3505 2.4334 -8.0635 18.1719 1.7949 -6.77 18.1515 1.7949 -6.77
3 4 17.3505 2.4334 -8.0635 18.1515 1.7949 -6.77 17.6637 1.7949 -6.77
3 23 0.3692 3.0671 -9.3474 0.3692 1.7949 -6.77 -1.3247 1.7949 -6.77
4 15 17.3505 2.4334 -8.0635 21.7804 2.4334 -8.0635 21.8238 2.1165 -7.4216 19.0249 2.1165 -7.4216
3 15 0.3692 3.0671 -9.3474 1.6348 2.1165 -7.4216 0.3692 2.1165 -7.4216
3 16 -23.685 3.5869 -10.4003 -24.0159 2.1165 -7.4216 -33.9626 2.1165 -7.4216
4 15 -21.4753 3.903 -11.0408 -21.7804 2.37 -7.9351 -23.257 2.1165 -7.4216 -24.0159 2.1165 -7.4216
4 16 -23.4163 4.7812 -12.8199 -23.685 3.5869 -10.4003 -36.2106 1.7949 -6.77 -39.5 1.7949 -6.77
3 16 -39.5 2.9404 -9.0907 -23.4163 4.7812 -12.8199 -39.5 1.7949 -6.77
4 16 23.6262 2.1165 -7.4216 22.8027 7.0647 -17.446 35.0811 1.7949 -6.77 25.186 1.7949 -6.77
3 15 -23.685 3.5869 -10.4003 -21.4753 3.903 -11.0408 -24.0159 2.1165 -7.4216
4 15 -2.9962 5.5948 -14.4683 0.3692 3.0671 -9.3474 -0.8965 2.1165 -7.4216 -23.257 2.1165 -7.4216
4 16 -39.5 3.739 -10.7084 -23.2748 5.4102 -14.0942 -23.4163 4.7812 -12.8199 -39.5 2.9404 -9.0907
4 4 7.4909 7.5849 -18.5 17.3505 2.4334 -8.0635 17.6637 1.7949 -6.77 13.0997 1.7949 -6.77
3 4 5.3498 7.5849 -18.5 7.4909 7.5849 -18.5 13.0997 1.7949 -6.77
4 15 -23.4163 4.7812 -12.8199 -21.2512 5.029 -13.3219 -21.4753 3.903 -11.0408 -23.685 3.5869 -10.4003
4 4 0.3692 7.5849 -18.5 5.3498 7.5849 -18.5 13.0997 1.7949 -6.77 2.0631 1.7949 -6.77
3 4 0.3692 3.0671 -9.3474 0.3692 7.5849 -18.5 2.0631 1.7949 -6.77
4 15 39.5 2.2949 -6.77 39.5 8.0849 -18.5 -39.5 8.0849 -18.5 -39.5 2.2949 -6.77
2 24 -39.5 8.0849 -18.5 -39.5 2.2949 -6.77
2 24 39.5 2.2949 -6.77 39.5 8.0849 -18.5
4 15 -39.5 2.2949 -6.77 -39.5 8.0849 -18.5 -39.5 7.5849 -18.5 -39.5 1.7949 -6.77
4 15 39.5 1.7949 -6.77 39.5 7.5849 -18.5 39.5 8.0849 -18.5 39.5 2.2949 -6.77
2 24 -39.5 8.0849 -18.5 -39.5 2.2949 -6.77
2 24 39.5 2.2949 -6.77 39.5 8.0849 -18.5
4 15 -19.2407 5.2591 -13.7881 -16.1601 5.6116 -14.5023 -16.243 4.6515 -12.5573 -19.3774 4.2031 -11.6488
3 15 -2.9962 5.5948 -14.4683 0.3692 6.1725 -15.6386 0.3692 3.0671 -9.3474
4 4 7.4909 7.5849 -18.5 20.4467 7.5849 -18.5 21.7804 2.4334 -8.0635 17.3505 2.4334 -8.0635
4 15 -19.3774 4.2031 -11.6488 0.3692 7.0281 -17.372 0.3692 6.1725 -15.6386 -19.5654 2.7503 -8.7055
4 16 23.778 7.5849 -18.5 39.5 5.0858 -13.4369 39.5 1.7949 -6.77 35.0811 1.7949 -6.77
4 16 22.8027 7.0647 -17.446 22.7161 7.5849 -18.5 23.778 7.5849 -18.5 35.0811 1.7949 -6.77
4 15 -23.2748 5.4102 -14.0942 -21.1314 5.631 -14.5415 -21.2512 5.029 -13.3219 -23.4163 4.7812 -12.8199
4 15 21.5906 7.5849 -18.5 22.8027 7.0647 -17.446 23.6262 2.1165 -7.4216 21.8238 2.1165 -7.4216
3 15 21.0744 7.5849 -18.5 21.5906 7.5849 -18.5 21.8238 2.1165 -7.4216
4 23 -20.1777 7.5849 -18.5 -18.9396 7.5849 -18.5 -19.5654 2.7503 -8.7055 -21.7804 2.37 -7.9351
3 23 -20.8256 7.168 -17.6553 -20.1777 7.5849 -18.5 -21.7804 2.37 -7.9351
4 15 -19.1663 5.8334 -14.9516 -16.1139 6.1478 -15.5886 -16.1601 5.6116 -14.5023 -19.2407 5.2591 -13.7881
3 4 20.4467 7.5849 -18.5 21.0744 7.5849 -18.5 21.7804 2.4334 -8.0635
4 16 -39.5 7.5849 -18.5 -22.7855 7.5849 -18.5 -23.2748 5.4102 -14.0942 -39.5 3.739 -10.7084
4 23 -15.9898 7.5849 -18.5 -13.8072 7.5849 -18.5 -14.028 4.9684 -13.1992 -16.243 4.6515 -12.5573
4 15 -13.9093 6.3749 -16.0486 -10.6554 6.71 -16.7276 -10.7056 6.2359 -15.767 -13.9524 5.8643 -15.0143
4 15 -13.9524 5.8643 -15.0143 0.3692 7.5034 -18.3349 0.3692 7.0281 -17.372 -14.028 4.9684 -13.1992
4 15 -22.7855 7.5849 -18.5 -20.7426 7.5849 -18.5 -21.1314 5.631 -14.5415 -23.2748 5.4102 -14.0942
4 16 23.778 7.5849 -18.5 29.6849 7.5849 -18.5 39.5 5.9605 -15.2091 39.5 5.0858 -13.4369
4 15 -18.9396 7.5849 -18.5 -15.9899 7.5849 -18.5 -16.1139 6.1478 -15.5886 -19.1663 5.8334 -14.9516
4 23 -10.5627 7.5849 -18.5 -8.4907 7.5849 -18.5 -8.4907 6.4894 -16.2806 -10.7056 6.2359 -15.767
3 16 29.6849 7.5849 -18.5 39.5 7.5849 -18.5 39.5 5.9605 -15.2091
4 15 -13.8072 7.5849 -18.5 -10.5627 7.5849 -18.5 -10.6554 6.71 -16.7276 -13.9093 6.3749 -16.0486
4 15 -2.162 7.5849 -18.5 0.3692 7.5849 -18.5 0.3692 7.5034 -18.3349 -8.4907 6.4894 -16.2806
3 15 -8.4907 6.933 -17.1794 -2.162 7.5849 -18.5 -8.4907 6.4894 -16.2806
4 15 -8.4907 7.5849 -18.5 -4.7991 7.5849 -18.5 -4.7991 7.3133 -17.9497 -8.4907 6.933 -17.1794
3 15 21.5905 7.5849 -18.5 22.7161 7.5849 -18.5 22.8027 7.0647 -17.446
3 23 -20.5038 7.5849 -18.5 -20.1777 7.5849 -18.5 -20.8256 7.168 -17.6553
3 15 -20.7426 7.5849 -18.5 -20.5038 7.5849 -18.5 -20.8256 7.168 -17.6553
4 23 -4.7991 7.5849 -18.5 -2.9533 7.5849 -18.5 -2.9533 7.5034 -18.3349 -4.7991 7.3133 -17.9497
3 15 -2.9533 7.5849 -18.5 -2.1623 7.5849 -18.5 -2.9533 7.5034 -18.3349
3 16 22.6872 7.8007 -18.8269 23.778 7.5849 -18.5 22.7161 7.5849 -18.5
3 15 21.0421 7.8779 -18.9439 21.5906 7.5849 -18.5 21.0744 7.5849 -18.5
3 15 0.3692 7.9094 -18.9916 0.3692 7.5849 -18.5 -2.162 7.5849 -18.5
4 15 20.3037 8.2722 -19.5414 22.6872 7.8007 -18.8269 22.7161 7.5849 -18.5 21.5905 7.5849 -18.5
4 4 20.3037 8.2722 -19.5414 21.0421 7.8779 -18.9439 21.0744 7.5849 -18.5 20.4467 7.5849 -18.5
3 23 -18.8271 8.6666 -20.1389 -18.9396 7.5849 -18.5 -20.1777 7.5849 -18.5
4 23 -19.8081 8.2381 -19.4897 -18.8271 8.6666 -20.1389 -20.1777 7.5849 -18.5 -20.5038 7.5849 -18.5
3 23 -20.4006 7.7513 -18.7521 -19.8081 8.2381 -19.4897 -20.5038 7.5849 -18.5
4 16 22.6872 7.8007 -18.8269 22.5187 9.0609 -20.7364 29.6849 7.5849 -18.5 23.778 7.5849 -18.5
4 15 -22.5187 9.0609 -20.7364 -20.442 9.465 -21.3486 -20.7426 7.5849 -18.5 -22.7855 7.5849 -18.5
4 15 -18.8271 8.6666 -20.1389 -15.8239 9.9781 -22.1261 -15.9899 7.5849 -18.5 -18.9396 7.5849 -18.5
4 23 -15.8738 9.2581 -21.0351 -13.6589 9.7707 -21.8118 -13.8072 7.5849 -18.5 -15.9898 7.5849 -18.5
4 15 -20.442 9.465 -21.3486 -19.1862 9.7093 -21.7188 -20.5038 7.5849 -18.5 -20.7426 7.5849 -18.5
4 15 -13.6589 9.7707 -21.8118 -10.3108 10.5457 -22.986 -10.5627 7.5849 -18.5 -13.8072 7.5849 -18.5
4 4 0.3692 12.2158 -25.5164 20.3037 8.2722 -19.5414 20.4467 7.5849 -18.5 7.4909 7.5849 -18.5
4 15 15.8951 9.1443 -20.8627 18.9475 9.7965 -21.8508 22.5187 9.0609 -20.7364 22.6872 7.8007 -18.8269
4 23 -10.3364 10.244 -22.5289 -8.4907 10.5594 -23.0068 -8.4907 7.5849 -18.5 -10.5627 7.5849 -18.5
3 4 0.3692 12.2158 -25.5164 5.3498 7.5849 -18.5 0.3692 7.5849 -18.5
3 4 0.3692 12.2158 -25.5164 7.4909 7.5849 -18.5 5.3498 7.5849 -18.5
3 15 -19.1862 9.7093 -21.7188 -17.6552 10.0072 -22.1701 -20.4006 7.7513 -18.7521
4 15 -8.4907 10.5594 -23.0068 -4.7991 11.1904 -23.9629 -4.7991 7.5849 -18.5 -8.4907 7.5849 -18.5
4 15 0.3692 12.1132 -25.361 0.3692 7.9094 -18.9916 -2.1623 7.5849 -18.5 -2.9533 7.5849 -18.5
3 15 -2.9533 11.5453 -24.5006 0.3692 12.1132 -25.361 -2.9533 7.5849 -18.5
4 23 -4.7991 11.2299 -24.0226 -2.9533 11.5453 -24.5006 -2.9533 7.5849 -18.5 -4.7991 7.5849 -18.5
4 15 14.5332 9.4137 -21.2709 16.9813 9.8496 -21.9314 18.9475 9.7965 -21.8508 15.8951 9.1443 -20.8627
3 15 14.277 9.4644 -21.3477 16.9813 9.8496 -21.9314 14.5332 9.4137 -21.2709
4 15 -17.6552 10.0072 -22.1701 -15.7968 10.3688 -22.718 -15.8239 9.9781 -22.1261 -19.8081 8.2381 -19.4897
4 16 23.6262 10.7961 -23.3654 39.5 12.9256 -26.5919 39.5 7.5849 -18.5 29.6849 7.5849 -18.5
3 16 18.9475 9.7965 -21.8508 23.6262 10.7961 -23.3654 29.6849 7.5849 -18.5
4 15 13.5782 9.6027 -21.5572 17.4677 10.1012 -22.3126 17.9911 9.9934 -22.1493 14.277 9.4644 -21.3477
3 15 16.9813 9.8496 -21.9314 17.9911 9.9934 -22.1493 18.9475 9.7965 -21.8508
3 16 17.9911 9.9934 -22.1493 23.6262 10.7961 -23.3654 18.9475 9.7965 -21.8508
4 15 -15.7968 10.3688 -22.718 -10.2337 11.4512 -24.358 -10.3108 10.5457 -22.986 -15.8738 9.2581 -21.0351
3 16 17.4677 10.1012 -22.3126 30.271 11.7425 -24.7994 17.9911 9.9934 -22.1493
3 16 -15.7111 11.6047 -24.5906 -15.7968 10.3688 -22.718 -17.6552 10.0072 -22.1701
4 16 -39.5 13.7931 -27.9064 -21.6632 13.7931 -27.9064 -22.7855 7.5849 -18.5 -39.5 7.5849 -18.5
4 15 -39.5 8.0849 -18.5 39.5 8.0849 -18.5 39.5 14.2931 -27.9064 -39.5 14.2931 -27.9064
2 24 -39.5 14.2931 -27.9064 -39.5 8.0849 -18.5
2 24 39.5 8.0849 -18.5 39.5 14.2931 -27.9064
4 15 -39.5 7.5849 -18.5 -39.5 8.0849 -18.5 -39.5 14.2931 -27.9064 -39.5 13.7931 -27.9064
4 15 39.5 8.0849 -18.5 39.5 7.5849 -18.5 39.5 13.7931 -27.9064 39.5 14.2931 -27.9064
2 24 -39.5 14.2931 -27.9064 -39.5 8.0849 -18.5
2 24 39.5 8.0849 -18.5 39.5 14.2931 -27.9064
4 15 0.6472 12.1607 -25.433 4.3751 12.7979 -26.3984 17.4677 10.1012 -22.3126 13.5782 9.6027 -21.5572
4 16 -15.5594 13.7931 -27.9064 -15.7111 11.6047 -24.5906 -17.6552 10.0072 -22.1701 -19.1862 9.7093 -21.7188
4 15 -10.2337 11.4512 -24.358 -4.7991 12.5086 -25.9602 -4.7991 11.1904 -23.9629 -10.3364 10.244 -22.5289
4 16 -21.6632 13.7931 -27.9064 -19.7499 13.7931 -27.9064 -20.442 9.465 -21.3486 -22.5187 9.0609 -20.7364
4 16 -19.7499 13.7931 -27.9064 -16.6535 13.7931 -27.9064 -19.1862 9.7093 -21.7188 -20.442 9.465 -21.3486
3 16 30.271 11.7425 -24.7994 39.5 12.9256 -26.5919 23.6262 10.7961 -23.3654
4 15 -4.7991 12.5086 -25.9602 0.3692 13.253 -27.0881 0.3692 12.1132 -25.361 -4.7991 11.2299 -24.0226
4 16 -15.5594 13.7931 -27.9064 -10.0344 13.7931 -27.9064 -10.2337 11.4512 -24.358 -15.7968 10.3688 -22.718
4 16 4.3751 12.7979 -26.3984 39.5 13.7931 -27.9064 39.5 12.9256 -26.5919 17.4677 10.1012 -22.3126
3 16 -16.6535 13.7931 -27.9064 -15.5594 13.7931 -27.9064 -19.1862 9.7093 -21.7188
4 15 0.3692 12.2158 -25.5164 0.3692 13.253 -27.0881 4.3751 12.7979 -26.3984 0.6472 12.1607 -25.433
3 16 4.0607 12.8626 -26.4965 4.4889 12.8173 -26.4279 4.3751 12.7979 -26.3984
4 16 -10.0344 13.7931 -27.9064 -4.7991 13.7931 -27.9064 -4.7991 12.5086 -25.9602 -10.2337 11.4512 -24.358
3 15 0.3692 13.253 -27.0881 4.0607 12.8626 -26.4965 4.3751 12.7979 -26.3984
4 15 -1.8458 13.0832 -26.8308 -1.1075 13.1746 -26.9691 0.3692 13.253 -27.0881 -4.7991 12.5086 -25.9602
3 16 0.3692 13.3571 -27.2457 0.3692 13.253 -27.0881 -1.1075 13.1746 -26.9691
3 16 0.3692 13.5142 -27.4838 0.3692 13.3571 -27.2457 -1.8458 13.0832 -26.8308
4 16 -4.7991 13.7931 -27.9064 0.3692 13.7931 -27.9064 0.3692 13.5142 -27.4838 -4.7991 12.5086 -25.9602
4 16 0.3692 13.253 -27.0881 0.3692 13.7931 -27.9064 10.198 13.7931 -27.9064 4.4889 12.8173 -26.4279
3 16 10.198 13.7931 -27.9064 39.5 13.7931 -27.9064 4.3751 12.7979 -26.3984
2 24 39.5 14.2931 -27.9064 -39.5 14.2931 -27.9064
4 15 -39.5 13.7931 -27.9064 -39.5 14.2931 -27.9064 39.5 14.2931 -27.9064 39.5 13.7931 -27.9064
2 24 39.5 14.2931 -27.9064 -39.5 14.2931 -27.9064
2 24 39.5 14.2931 -27.9064 39.5 13.7931 -27.9064
2 24 -39.5 14.2931 -27.9064 -39.5 13.7931 -27.9064
